"Subject" "Activity" "tBodyAccAvgX" "tBodyAccAvgY" "tBodyAccAvgZ" "tBodyAccStdAvgX" "tBodyAccStdAvgY" "tBodyAccStdAvgZ" "tBodyGyroAvgX" "tBodyGyroAvgY" "tBodyGyroAvgZ" "tBodyGyroStdAvgX" "tBodyGyroStdAvgY" "tBodyGyroStdAvgZ" "tGravityAccAvgX" "tGravityAccAvgY" "tGravityAccAvgZ" "tGravityAccStdAvgX" "tGravityAccStdAvgY" "tGravityAccStdAvgZ"
"1" "1" "LAYING" 0.0225060922306166 0.0297771769634422 0.0325102425854175 0.0203121913864637 0.0238530919897639 0.0277810124924886 0.0884396719102317 0.0313636409358672 0.0556411139172297 0.0922254579582891 0.0299728334727925 0.0373195322661598 0.206831368388437 0.718381067171031 0.545189752402328 0.0204796975646603 0.0239979707753252 0.0314412759324191
"2" "1" "SITTING" 0.00746875795604953 0.0141348444209808 0.0114521859991459 0.00680038739094221 0.0118638284383404 0.0102934288888764 0.0292692915271486 0.026552263593959 0.0491275451006825 0.0195841655359818 0.022619627725537 0.0268980558708292 0.920397420977394 0.230512473086769 0.322026273969415 0.00646400176746432 0.00762917750910514 0.00854657876357304
"3" "1" "STANDING" 0.00228556609339251 0.00558200528700059 0.00588807719920301 0.00190515716611534 0.0044534596529375 0.004435041098588 0.0119473167027282 0.0142883848914071 0.0141667217600481 0.0092300205575926 0.00916942672356975 0.00985214393110132 1.00285410551297 0.250082117467571 0.03767030918448 0.00240779994949359 0.0452613850551758 0.00564610783249827
"4" "1" "WALKING" 0.18698946332349 0.14690461271652 0.108946970778897 0.139994249794085 0.123368954550852 0.0819081753666152 0.369073406086365 0.572609309284712 0.252814702509196 0.292825311982924 0.445421237717093 0.195690915775756 0.997061180921053 0.261512218895556 0.130886165919855 0.233861527742345 0.195170837161051 0.0880038429246999
"5" "1" "WALKING_DOWNSTAIRS" 0.270240329172864 0.12481414205743 0.114870159367259 0.198587380862401 0.111038175216479 0.0837233512311145 0.456078748157398 0.534113978017028 0.328318394244882 0.3371151497221 0.416864794220598 0.271294738442407 0.997136499202806 0.243439328810395 0.124916527991371 0.335222988334404 0.168004087189382 0.0949998731724806
"6" "1" "WALKING_UPSTAIRS" 0.169911177649331 0.139543080126434 0.147955920233193 0.124612693238985 0.100584124086179 0.101041472774309 0.405362292425206 0.625350358615006 0.190176028516321 0.295843174464212 0.461675448896411 0.153769299643965 0.962941935097288 0.342436307062647 0.166058853020725 0.210133677853263 0.180401265073542 0.0914397503292371
"7" "10" "LAYING" 0.00936047152532435 0.0096070162036754 0.00867586919497414 0.00883096863497026 0.00855674901690718 0.00781997234675824 0.0322509937048602 0.0410631569217136 0.0195500353840699 0.0273934231314979 0.0305149766969308 0.0134198675107572 0.0515079335479256 0.76230055234375 0.494452011112608 0.00921912087573444 0.0851633981480886 0.0524499352823654
"8" "10" "SITTING" 0.00561237172269502 0.0127591752411926 0.00697427003946108 0.00501659546202885 0.0117560725470426 0.00617865218238418 0.0203439296523161 0.02319005878808 0.0404655985105463 0.0111706433937605 0.0122585211054253 0.0191834142368956 0.894307647554977 0.389929883438947 0.194911771563802 0.00379000391963848 0.0392907833566388 0.00582404729842315
"9" "10" "STANDING" 0.00537501620793164 0.0124408115097195 0.0114667996985345 0.00645349220849139 0.010765729402681 0.00975325108764672 0.0509310667096374 0.0277982458246911 0.0237462372120561 0.0431638817536449 0.0258291969000447 0.0187708928600577 1.01020633668324 0.174931746457741 0.0555390392318473 0.00816837106652203 0.0273270270441761 0.0115582144421981
"10" "10" "WALKING" 0.213529997878051 0.127188368761287 0.0909523659296138 0.161586862472402 0.110257631224967 0.0648801302118107 0.428403075591362 0.483791218142644 0.307923200364475 0.304184264782779 0.309704781582269 0.256874721711639 1.01702665511498 0.160145758206869 0.0924077559418956 0.267994336413255 0.146750928707007 0.0769895682963642
"11" "10" "WALKING_DOWNSTAIRS" 0.350072758075987 0.134749287112294 0.116108100751295 0.234994009443049 0.108655636870391 0.096260240008677 0.59316280233236 0.434120392653331 0.357358706282196 0.421597996775753 0.310964501367148 0.303176702324149 1.00299684753289 0.153260525702385 0.117040757028968 0.421895468731918 0.137180840930105 0.101064224876917
"12" "10" "WALKING_UPSTAIRS" 0.223263916730352 0.13625423282503 0.133527493829511 0.157758635883251 0.104296691545064 0.1055508527786 0.553993962107193 0.671162074525578 0.25632986207623 0.41946336988777 0.440803680167267 0.20986086958553 0.992579551496011 0.215921267723301 0.126175668085834 0.27296594463006 0.161905414156418 0.105903263289806
"13" "11" "LAYING" 0.00499280256243284 0.00479845246124945 0.0061738320992963 0.00443370173010255 0.00451648280485518 0.00564242092239141 0.0184039396841225 0.0198517692736318 0.038127305880033 0.0143679558144961 0.0137427327668879 0.0199550899899041 0.240977608349781 0.959611063596491 0.105116143216968 0.00458190533119991 0.00595546763539767 0.00709156046807746
"14" "11" "SITTING" 0.00521737419852353 0.0119299940971586 0.00717174393961262 0.00499614477877029 0.0110712387064162 0.00644113799121628 0.0181828168185395 0.013357201853916 0.0402348533896459 0.0108743069071495 0.0119890137856942 0.0222684136714575 0.952170755070755 0.233158574601666 0.178252988153007 0.00621784475620602 0.00734872002318168 0.00651524435695522
"15" "11" "STANDING" 0.00226563178003298 0.00659136276682713 0.00445849750193863 0.00208894103842497 0.00542221568706481 0.00350498121340825 0.015627008195045 0.00644770406078551 0.010668364918886 0.0135466052790326 0.00491662882690151 0.00859909229182155 1.0121626011137 0.152382208121676 0.119351373834774 0.00274735105455408 0.0283981701899105 0.00502729279407008
"16" "11" "WALKING" 0.154658322306602 0.132388832905838 0.0717628242022908 0.107844636817129 0.0957577398697038 0.0500430392883521 0.300624596458064 0.316092798953686 0.204400242421292 0.230156138636012 0.221336670201945 0.186877370330785 1.00387868650689 0.196906070883159 0.130802356698795 0.188605446228955 0.159310023053494 0.0807215840026042
"17" "11" "WALKING_DOWNSTAIRS" 0.310716099282361 0.140559018964079 0.100776879369878 0.204248554773379 0.119453363937258 0.0744090588698927 0.542652147415559 0.318678499240863 0.26330408502144 0.402687008735029 0.235607866826463 0.210486154813326 1.00461624573709 0.191269953246773 0.139477693836328 0.371918217607381 0.173527074440206 0.106589189266723
"18" "11" "WALKING_UPSTAIRS" 0.200160138040075 0.124716615502623 0.121755229260909 0.146962156203336 0.0932703768509727 0.0808789013843527 0.435944798820457 0.461613626882075 0.120712716908746 0.318389643992197 0.316384940958134 0.0962783376451193 0.964142631467014 0.327520071357407 0.151128159202555 0.24736204490188 0.163041103149478 0.12872248293676
"19" "12" "LAYING" 0.0137578238730242 0.00825144996412299 0.0101282174960833 0.011616216717837 0.00723873080327965 0.00876844088361839 0.0315647541169615 0.0380168931227122 0.0391137016126651 0.0238181677312554 0.0291896606965831 0.0217517975540143 0.0683398992470496 0.820221124570312 0.437069230012109 0.0102864656190161 0.00810931729195945 0.0209997757483353
"20" "12" "SITTING" 0.00552198334772488 0.0117615532204265 0.0122295297823082 0.00507038060383713 0.00930467206959443 0.00899585795259522 0.0283179957461734 0.0321902898705135 0.0322951229234761 0.0195877925006594 0.0247084470041299 0.0199456355617034 0.990221519653799 0.105872748119813 0.125950016526297 0.00621194415171767 0.00840486977221966 0.0129980022990229
"21" "12" "STANDING" 0.00572602861961181 0.0126431138133279 0.0154726668564039 0.00518261967248167 0.0100790002184637 0.0111610901793607 0.0906203311559229 0.0351749514750899 0.0237092531809434 0.0714648331129935 0.0348633505902682 0.018856998562795 1.01270223829406 0.19728831060835 0.0516033366471696 0.00666198524884001 0.0388508133055824 0.0156429623274221
"22" "12" "WALKING" 0.234862055602297 0.117261645732516 0.0848096375489781 0.159418061675459 0.0957412733927257 0.0686607695150884 0.346365356129219 0.326793333210972 0.252720285651406 0.264360655891315 0.272110432077657 0.191634561341796 1.0194030086875 0.150400652194722 0.0857660496280063 0.284133132184705 0.137470269689524 0.0761388968487772
"23" "12" "WALKING_DOWNSTAIRS" 0.271875819911512 0.143944410632225 0.0795912866509952 0.203126591456773 0.12574667355025 0.0711746945315098 0.527436120319939 0.312318137651044 0.257582760523879 0.396760236245888 0.264681201161729 0.195722930693056 1.0082774439538 0.186410089606471 0.088277693967123 0.339440824919615 0.166297670616076 0.085920885324486
"24" "12" "WALKING_UPSTAIRS" 0.187078799086493 0.118802786608597 0.0827722740794396 0.136389896477741 0.0996932122635262 0.063579121633284 0.411005842623107 0.308798852800382 0.271908303180965 0.294566714903563 0.20486422117464 0.163696224120762 0.998389077854567 0.247090203050871 0.112992180513059 0.23147297891799 0.150328043045618 0.0828799002713294
"25" "13" "LAYING" 0.00909116092185536 0.00844462499451285 0.00957643477531578 0.00794958728535855 0.00677460732463829 0.00789268917786879 0.033551386455159 0.0309519658910733 0.0252114370989264 0.0195965817142325 0.0229445359143715 0.0154191773421987 0.224605782486139 0.671896923311492 0.584327889364919 0.00653069232991513 0.00697885681238592 0.00809803486782595
"26" "13" "SITTING" 0.00401786167743622 0.0110550550655886 0.0117441949649474 0.00328304316538166 0.00935442440556737 0.0104890216801059 0.0246826254318935 0.0249914445005671 0.0295826487062347 0.013208055538519 0.0140120474160076 0.0158269532863157 0.989620217203444 0.159511306877392 0.130430369694994 0.00290288835325291 0.00779561691090133 0.0100743119875688
"27" "13" "STANDING" 0.00322705366566187 0.00881376018782319 0.00769416584133917 0.00305950502038676 0.00713393869967451 0.00564629071197205 0.0313070403697015 0.0177521002940973 0.0134459032291721 0.0276652634495496 0.0172383668236826 0.0106971297644885 1.0024336723273 0.217937969274945 0.122558471535088 0.00373742271121098 0.040626616628352 0.0199724992536527
"28" "13" "WALKING" 0.172472446333284 0.154112327568128 0.11250086682639 0.125087699825526 0.121866906671233 0.0887896717071232 0.465302484496527 0.403931971456395 0.239992065906894 0.303954012252936 0.367295488912791 0.196418539514948 0.979529870202851 0.267038091878372 0.187512239158607 0.213289498281179 0.194791407791039 0.124913873260172
"29" "13" "WALKING_DOWNSTAIRS" 0.246363183461203 0.128106179354406 0.113313103033072 0.177228568396411 0.107047877806749 0.105588465759307 0.514267830372507 0.476156998793175 0.273418242135372 0.360441186643107 0.401531229955079 0.197021688697702 1.00538808508976 0.201360632023737 0.152714522271283 0.30362564601655 0.154041554475529 0.130575781775314
"30" "13" "WALKING_UPSTAIRS" 0.187558986940932 0.151862443903716 0.115765541037201 0.132658622784065 0.116172385367814 0.0857391196670244 0.419211477677983 0.382953158476768 0.316381377799972 0.294059007039172 0.271976870853274 0.235405930996422 0.931175603139205 0.339633158050938 0.245649459639233 0.229079832836813 0.197140857762101 0.128551490701084
"31" "14" "LAYING" 0.0241473046993186 0.0142428016903721 0.0176446078668818 0.0231840823653037 0.0124092224165473 0.0162835822421831 0.0528411265920833 0.0609547720284207 0.0387750622126468 0.0307982512944304 0.0424369677591177 0.0206181756148511 0.22387191238511 0.505880507337623 0.823680285814951 0.0119986141893597 0.0114589251262772 0.0106612712903254
"32" "14" "SITTING" 0.00693790866733029 0.013749915319 0.014030254087544 0.00647251087919298 0.012005222710928 0.0121051209338208 0.0252658793105499 0.035237843707737 0.0307983724606632 0.0164060312558366 0.0243583145795478 0.0203117922534002 1.00030772769097 0.0601255090461053 0.180512745542231 0.00687974444480926 0.0128948443613192 0.0310699200798682
"33" "14" "STANDING" 0.00827851221769508 0.0115476151623704 0.0151806900611308 0.00689667695112552 0.00989319563327868 0.0115357268668688 0.0289585431674125 0.0357352034269677 0.022676803376919 0.0238406696772011 0.0318929969535455 0.020245446680586 0.955359135429688 0.204077203789062 0.331155446085937 0.00802968978019691 0.0389636194267025 0.0612616867035032
"34" "14" "WALKING" 0.159117881233721 0.130279007208607 0.143040121371819 0.112995522401504 0.0987005490175288 0.127974397830124 0.290828284707516 0.611198388739301 0.315239661154237 0.213772357113339 0.442097669635519 0.289099093791157 0.902426043207097 0.257054106740011 0.413085930814883 0.195133949310079 0.156452668869145 0.204584783179942
"35" "14" "WALKING_DOWNSTAIRS" 0.254656876393135 0.169687408887922 0.199553963543247 0.212474648858293 0.165515321914266 0.173049531670372 0.512216376021146 0.642008509910028 0.548905836832396 0.375358266196192 0.499855049296515 0.386328363094885 0.916270863680556 0.257999661994722 0.382752040969132 0.331053568101926 0.223961212534084 0.266557053150238
"36" "14" "WALKING_UPSTAIRS" 0.182491208885246 0.179270290233038 0.220838230366833 0.133069741741755 0.135928121696988 0.191544754650997 0.464961992972685 0.886137709591782 0.643567320942169 0.321779944111275 0.709206051093777 0.447818378324571 0.819330508718171 0.312111992565162 0.495489422621962 0.225223590026241 0.211589166069229 0.283167151115745
"37" "15" "LAYING" 0.00910042042080855 0.00614105822419271 0.0131395421969935 0.00757358178863744 0.00576038260038732 0.0113042812061468 0.0334026009600614 0.0261146891663842 0.026121258480469 0.0325827874768145 0.0256945010541286 0.0188391423119872 0.216527439210069 0.916431189496528 0.320746952975438 0.00779168594103582 0.00715308173772431 0.0407730474913841
"38" "15" "SITTING" 0.00453621812038962 0.0119156832508655 0.0103315252370229 0.00417934004652479 0.0113950991257655 0.00848941441725364 0.0162549440024275 0.0220831316236423 0.0298736222729307 0.0102658373941965 0.0164340318941804 0.0171859722441231 0.964424002661547 0.231481597142744 0.116252146688827 0.00405854682787117 0.00692601803288791 0.0159560151775726
"39" "15" "STANDING" 0.00377521172025442 0.0110829628922833 0.00980742614847317 0.00353151593243122 0.00931566676402837 0.0081940705453553 0.0381300089874116 0.0202667123848199 0.0178920258777513 0.0350724618211207 0.0183770350972761 0.0134203672686557 1.01882037768278 0.144796086762972 0.0592323258199587 0.00422343982321772 0.0285957285356054 0.00765197080341579
"40" "15" "WALKING" 0.177174075237387 0.155717142404514 0.072187805513513 0.129347659457762 0.119048793440838 0.0530329303041501 0.504365786120833 0.364596253446664 0.201775291995946 0.316835079745674 0.255915858364113 0.149004821788125 1.00788240189525 0.223148859742477 0.0900347380885793 0.219400538097489 0.18779169624725 0.0672322044520514
"41" "15" "WALKING_DOWNSTAIRS" 0.381218812670361 0.148648437150339 0.0980343674066797 0.252935866115165 0.140153432487513 0.0891124524448085 0.554698785803162 0.380076503262362 0.299923608369959 0.429482369013635 0.30340942384264 0.210925980340389 0.995586477250744 0.163315279253344 0.115588391888196 0.457698356041604 0.18772471280818 0.105278176847152
"42" "15" "WALKING_UPSTAIRS" 0.251700869519189 0.142161117652943 0.0946471045154629 0.193468561260933 0.0972508343941574 0.0657853664642221 0.494568885745573 0.431929071706611 0.206988443169757 0.366590650251932 0.299657294902155 0.15138831265636 0.983793953613281 0.299135770827637 0.106086482598893 0.316991131073141 0.176258054242896 0.0793054782405633
"43" "16" "LAYING" 0.00898184362423013 0.00964892290800246 0.00741092838962341 0.00619800574755547 0.00724795703166146 0.006187895656026 0.0300961698642719 0.0312065334917467 0.0138296041794868 0.0157808488172361 0.0198048276830093 0.00791473949912583 0.188780629202009 0.435656324933036 0.873247152421875 0.00665649976385514 0.0428920556625568 0.00621640610822479
"44" "16" "SITTING" 0.00448963695362668 0.00857282515599287 0.0122599727445598 0.00427584178278822 0.0076873660159798 0.0104804238087097 0.0248468844643036 0.0389652483990113 0.0213513084748926 0.0169124673763133 0.0277148931522605 0.0179918575148911 1.00288573986639 0.084519059925385 0.179371396986368 0.00353951941669634 0.0163121338927286 0.0149423999371551
"45" "16" "STANDING" 0.00428269877865553 0.00702573931697418 0.0102250541487929 0.00361002906243209 0.00634738013053454 0.00815942700265505 0.01918772835743 0.0155313056876474 0.00974509064956859 0.0183012976637329 0.0129002530561094 0.00784381168004332 1.00283309489183 0.127837414736498 0.165218762555088 0.00333165357960028 0.0198204788872767 0.0314528571059228
"46" "16" "WALKING" 0.169199292425263 0.0905171213069807 0.122307827972175 0.0958243018976171 0.0769090371424029 0.0937122964623373 0.254872891699141 0.236483116836218 0.253096460605064 0.175251279940965 0.182504764736453 0.178549883761672 0.99025582901348 0.166633865512619 0.221732217200119 0.194563896541183 0.102857386750201 0.152124937891372
"47" "16" "WALKING_DOWNSTAIRS" 0.329468914215864 0.116433770815489 0.141075807841922 0.214216173304112 0.0900705320571362 0.119405862280527 0.459295421299967 0.281782090538431 0.226546169843318 0.340889314214048 0.235335806841761 0.171312697648261 0.988514532396941 0.163362889277393 0.230425128059242 0.393031449609136 0.130063178032021 0.184531811593656
"48" "16" "WALKING_UPSTAIRS" 0.160145205746216 0.113247080371183 0.123541590005228 0.115127434322371 0.0906944635621557 0.101784643450533 0.436204492401164 0.270286017104488 0.279290561862347 0.308633760335071 0.187726810287802 0.191187959543623 0.916036803155637 0.240154668963526 0.37799235746826 0.196730946346913 0.139810872656636 0.169165443475604
"49" "17" "LAYING" 0.00876314285851915 0.0111537259021437 0.010943125038079 0.00719791099895481 0.00789168287407451 0.00784482308332345 0.0220602864281514 0.0220156745384789 0.0190643335801567 0.017563705266814 0.0182687765949726 0.0116096840290613 0.193274804460827 0.676170269014085 0.705078706778169 0.00702389191563305 0.00895144904963471 0.00960386438923016
"50" "17" "SITTING" 0.00261862470185107 0.00808541361931067 0.00833467323558093 0.0023633880934177 0.00644536022808292 0.00674023475267142 0.0201478049584597 0.0152999012931187 0.0184174963739993 0.0102315387124037 0.0102583417577237 0.0104006581467123 1.00389864317627 0.076836987360498 0.149328672294041 0.00269118314240988 0.00827584944468631 0.0280478183135558
"51" "17" "STANDING" 0.00353492195259986 0.00656041006560417 0.00756760224956212 0.00311010004398002 0.00502865682705861 0.00553320469650789 0.0157538342612325 0.0129558980801987 0.00828098428925865 0.012672272455323 0.009707325317154 0.00668705084809324 0.975585704797676 0.235530240494792 0.202556514480168 0.00311577467618902 0.0426634294601406 0.0373952485980069
"52" "17" "WALKING" 0.186523750907326 0.133366471014667 0.10709485105134 0.120015366079641 0.104100628436042 0.0820220608575217 0.398351492371657 0.337142922714485 0.246797877445353 0.233444795454699 0.248801174292644 0.170912657639985 0.991004192661373 0.199989386471327 0.198313283498745 0.222130715108552 0.143534461516281 0.127552723082783
"53" "17" "WALKING_DOWNSTAIRS" 0.321515932881743 0.129310715594171 0.111863545479912 0.214085603064059 0.0976881696745909 0.0879642395493034 0.531533648245465 0.330324718024949 0.219017848585479 0.361774147672723 0.264487267515854 0.158068506666471 0.995949412466033 0.174594605799732 0.168876699583543 0.386640889728288 0.131813903468357 0.129496237906777
"54" "17" "WALKING_UPSTAIRS" 0.247357811485775 0.133836372083946 0.112407407521031 0.179593698638455 0.106070452388482 0.0862383058136479 0.462802087218099 0.319213590032373 0.316734853000407 0.317942657401308 0.245657135558619 0.223764788936343 0.934191623665365 0.27486098671117 0.299612745409993 0.305342936071811 0.16214710407904 0.147161051037959
"55" "18" "LAYING" 0.00556178115332779 0.00323555691604156 0.00421285961042832 0.0039963557884353 0.00262780621164793 0.0033106729916401 0.00861756007580793 0.0143806829501947 0.0114730294541805 0.00579408588383152 0.010217068978461 0.00748089071917862 0.179104952692308 0.736769536634615 0.589711743533654 0.00505398125285812 0.00361877975196226 0.00471715418957332
"56" "18" "SITTING" 0.00260860029995159 0.00532767840897911 0.00612294995942708 0.00213445452404719 0.00422370958332398 0.00478936642501755 0.0105761112244896 0.0135255931433588 0.0152883026980354 0.00725238830619886 0.00904409009936298 0.0093474226887182 0.979080713130483 0.179609687422793 0.176057975235746 0.00300262581626519 0.00677551456675836 0.00665292808032318
"57" "18" "STANDING" 0.00302921494247894 0.00812846230599332 0.00838740731007166 0.00272605384083666 0.00606462042065371 0.00610891643999199 0.0294473883975298 0.0139948383176325 0.0129037328209673 0.0232011360448897 0.0116201082133629 0.0106291096893855 1.00602774250856 0.182727665132705 0.123583379465967 0.00369342739903876 0.0343175204984079 0.0209543058304123
"58" "18" "WALKING" 0.166112930985262 0.109101318059964 0.0824828217103251 0.118011788089241 0.0772202097384199 0.0664055145398015 0.217786257282087 0.30855523060474 0.188626423086179 0.152821795050104 0.235996275693455 0.147198067242923 0.988319164090402 0.233250064244615 0.159452822751032 0.203884893323169 0.13862329883484 0.1028947650898
"59" "18" "WALKING_DOWNSTAIRS" 0.176122705964401 0.100733509939669 0.0848097848822273 0.143979284117114 0.0811956311229246 0.0664143309306976 0.413655491792253 0.245366707773139 0.20971356315146 0.307580645875098 0.181056650370045 0.149595641897668 0.997267220880682 0.205528079755398 0.155692911188168 0.227332079246353 0.12987456087313 0.0975063080175497
"60" "18" "WALKING_UPSTAIRS" 0.161388401542745 0.108562382358975 0.0984224427156622 0.122594149324664 0.0832493253905398 0.0795243840705999 0.365008720716183 0.316368618407328 0.227218744773869 0.248035988268515 0.22648284265067 0.169419551636544 0.957903418265086 0.296123176186153 0.196271307799576 0.201793545593241 0.144172707078351 0.117926363100728
"61" "19" "LAYING" 0.0118837947379648 0.00501405041962911 0.00466740133802658 0.00814651054691518 0.00440638090546217 0.00381028715506142 0.0179783832816667 0.0323337399390934 0.0197547760393372 0.0146116527704629 0.0209341350722116 0.0113233711948808 0.144841085802601 0.742785025263554 0.669997798522214 0.0284935040811829 0.00524255811042416 0.00513530107423255
"62" "19" "SITTING" 0.0074162298253842 0.00839606811099932 0.0100649102063865 0.00623783563118045 0.00740629721744302 0.00823855207325863 0.0189656561604906 0.0468174771014882 0.0217706659428722 0.0118623779441238 0.0263935773260563 0.0138599114086651 0.746091660434503 0.378154084674658 0.475020123031892 0.00623313964392188 0.00723248528190118 0.00900066457345846
"63" "19" "STANDING" 0.00361443925787573 0.010316956043771 0.011103020067333 0.00323665111190185 0.00755594430364364 0.00773717005957681 0.0404421680854523 0.0259608987876127 0.0213606138215242 0.0335408021637657 0.0192337263035843 0.0163500644607701 1.0034740666738 0.201470685494435 0.122619787873502 0.00441864388266805 0.0383380228922195 0.0100201949425834
"64" "19" "WALKING" 0.247205785603606 0.165574767623227 0.121240861030039 0.186336823465254 0.118152653747749 0.101224207243883 0.702034779901112 0.530029565987446 0.342244499136313 0.503555102859014 0.427496878166442 0.269389520896462 0.996443337678786 0.23933370751768 0.148535941624552 0.309863062886806 0.165086302660692 0.116950087815801
"65" "19" "WALKING_DOWNSTAIRS" 0.455929005534335 0.20695011828731 0.14431109609621 0.268011059502038 0.157947744479302 0.127228499383038 0.936212861659976 0.643361319276522 0.38036432343738 0.706129682811495 0.495281105394332 0.287098014314671 0.956469972310978 0.247105084965545 0.18398720558728 0.529373909354892 0.210368873229828 0.156944712314954
"66" "19" "WALKING_UPSTAIRS" 0.234379001802318 0.163506094435816 0.115825751974465 0.161017291351244 0.121982418904434 0.0979342416933034 0.477890468099922 0.526549642850977 0.365963333728629 0.356719670343104 0.364686288693103 0.259252780860785 0.914985303847656 0.37067525446773 0.247786529844687 0.283777756582193 0.210084013143583 0.135044537376146
"67" "2" "LAYING" 0.00815981232552441 0.00392961674920885 0.00481701238218034 0.00663214601160827 0.00360871113570146 0.00397111091603271 0.0166382360512584 0.0234015001799014 0.0378978948715267 0.0100918195238481 0.013776412820657 0.0186963013445563 0.0829840725764323 0.769108206608073 0.630486895328776 0.012920502133262 0.00411191445115856 0.00497193177537168
"68" "2" "SITTING" 0.004279990803634 0.00891068106675883 0.00908820459455571 0.00425547847027422 0.00817193595026596 0.00779637935296885 0.0246572852903624 0.0203520653821678 0.039773134243376 0.013267495889447 0.0134607576951763 0.02063180489078 1.00072676413043 0.0922882602859375 0.189468410155231 0.00364126414634849 0.0184628397074987 0.00702011215490257
"69" "2" "STANDING" 0.00425209528160634 0.00809526357337355 0.0108938812386982 0.00400427328899635 0.00637983364823509 0.00862583637993294 0.0219483918237959 0.0191541883383464 0.0178536053379821 0.0193509458485189 0.0180173380821363 0.0150178291162969 0.970098432566551 0.346697294864005 0.122782279514468 0.00469182515035936 0.0629542563367717 0.00846573939862658
"70" "2" "WALKING" 0.153356636844078 0.121897029379147 0.0861023584923038 0.109452122414681 0.102068348096776 0.0623258563250246 0.330863406487564 0.282345556980891 0.199570644287545 0.21381210136562 0.218559593220865 0.155675580423838 0.981170597153072 0.323725324073888 0.118098427297524 0.188328319595238 0.16903802788987 0.0776898669945802
"71" "2" "WALKING_DOWNSTAIRS" 0.26567640571861 0.166734652562633 0.127102104769131 0.213377506560746 0.139168355062875 0.103958764955636 0.53776219050113 0.355729065271853 0.288832340370578 0.414454311732566 0.295613250995616 0.217906966730493 0.945216230834442 0.311567003737367 0.198450134295902 0.340525652499106 0.21483176199633 0.137885818441615
"72" "2" "WALKING_UPSTAIRS" 0.182983108644499 0.154717169911516 0.122674142264677 0.13456172704605 0.112812701869815 0.109985875081672 0.445566936117871 0.332295322692448 0.338507308888997 0.344999043885686 0.261018931387247 0.242198931053417 0.888648334407552 0.394012962607031 0.270084021104697 0.226144867715474 0.200637866247612 0.147876765662869
"73" "20" "LAYING" 0.0121514945995699 0.00615441734252757 0.00669474171426631 0.0115527808192275 0.00599079422163001 0.00575178050714459 0.0170374254156434 0.021096782828449 0.0249408900171522 0.0125196086537716 0.0180648397114552 0.0132014935056663 0.0981664946773208 0.883263083547794 0.465130929170496 0.0135387930620245 0.00506584017178622 0.0064881417208967
"74" "20" "SITTING" 0.00523726861056338 0.00986461046323793 0.0140397894333961 0.00491743744674064 0.00906128810651715 0.011486554637069 0.0223024308829261 0.0298541207860805 0.0401825430370365 0.01808631381366 0.0245480471632321 0.023810549214171 0.989592718726326 0.126366145828651 0.170926618711245 0.00568518028894445 0.0101056481589611 0.0117149707051765
"75" "20" "STANDING" 0.00876028974367307 0.0190629436531388 0.0164088829000912 0.00870834569531884 0.0157570791909168 0.0134087196183012 0.0772226053267001 0.0535101875802033 0.0365734818795086 0.068767854937604 0.0548287174019584 0.0329671985621195 0.980247901327055 0.283542899133134 0.0706929847465997 0.0113185771363404 0.0561912020091217 0.0153218623241161
"76" "20" "WALKING" 0.212459599491544 0.204471562823652 0.112564208290196 0.146375317972898 0.153582979314617 0.0857188997358352 0.557721308377145 0.653984897710294 0.295593701074954 0.394842020889497 0.513809420026147 0.27841206696714 0.971149185646446 0.328894022998192 0.120257523157834 0.258252229081616 0.254931149172102 0.104659161213975
"77" "20" "WALKING_DOWNSTAIRS" 0.287052194377601 0.209954024770012 0.115490461740882 0.200145916148987 0.181300576341474 0.101805657188468 0.621039635094271 0.529929181225347 0.413035490518316 0.475440043027719 0.411738079589626 0.384271564655826 0.989978952899306 0.267149095482413 0.130341000960903 0.34966050976943 0.266047451995269 0.121633654272442
"78" "20" "WALKING_UPSTAIRS" 0.234469144235509 0.165387329268845 0.109970042761179 0.168031082654713 0.110549398333747 0.090162106860838 0.445159270451164 0.561021094042969 0.477372985600214 0.315842392453198 0.429866323648377 0.330404199487776 0.880052757071078 0.459819803434436 0.206672739657125 0.287789251297987 0.213848019659632 0.123185750233075
"79" "21" "LAYING" 0.0134291378127796 0.00697144085296753 0.0102854547201009 0.0100398691489442 0.00611932648494384 0.00857855841525865 0.022496437057634 0.0404605385442411 0.0126524142663084 0.0173861980944778 0.0275527580165917 0.00918021317188872 0.211120760289931 0.616617792864583 0.770778657829861 0.0102060271664488 0.00788554329679502 0.00854079075488941
"80" "21" "SITTING" 0.00318823830053778 0.00603801909633006 0.00898061363858787 0.00271355631184935 0.00502480804999732 0.00681367260288164 0.0162485997100338 0.0241955829527693 0.018596411502709 0.00924372110458078 0.0156414730629731 0.010700425361213 1.00050461236213 0.0854443919946691 0.155156237009228 0.00353722746743273 0.00730317226020744 0.0222853078460221
"81" "21" "STANDING" 0.00593866374135458 0.00962178927985867 0.0114222101131674 0.00527842127825979 0.00770932081746459 0.0084654810753039 0.0317963420877303 0.0274360360012226 0.0183490699045897 0.0242221229877299 0.0247414580091104 0.0155860170668839 0.958786757162921 0.322309508734199 0.207051192719452 0.00672764168819581 0.0592640123654651 0.0392622180129116
"82" "21" "WALKING" 0.18758277383345 0.147517691439237 0.121081276367001 0.131345016033134 0.105857245275238 0.0922063140259178 0.42632126792826 0.353846612913086 0.2618289061201 0.267627381763338 0.301409418624986 0.211559116226549 0.94602983039363 0.348015887553921 0.220931031657437 0.229249678126455 0.190374215471455 0.153050107968929
"83" "21" "WALKING_DOWNSTAIRS" 0.330333168871042 0.176858841185795 0.126033721226417 0.223225304297639 0.137379742607585 0.114073098764078 0.487204982351649 0.416160175778247 0.267897893321755 0.342028049235508 0.307001312235564 0.191509746647393 0.957804930034722 0.334548574893056 0.192840560256358 0.39843802179546 0.228515167901881 0.162368885623599
"84" "21" "WALKING_UPSTAIRS" 0.205364726593626 0.147753051901356 0.113098544770559 0.138689390620372 0.121657830682485 0.0882222999880549 0.430012666508943 0.343569427559525 0.431829856501463 0.296320271905866 0.269919446440858 0.304156793282514 0.885616975332447 0.411403153311336 0.310831500974235 0.247296446874065 0.201319999882281 0.151950727323731
"85" "22" "LAYING" 0.0158131351043469 0.0130192950010197 0.0103962521016916 0.013025076213858 0.0127593325535297 0.00988780878572473 0.0383045241133659 0.0302982778472773 0.044834004125638 0.0299159254245392 0.0237087938746187 0.0287154235031948 0.103140090662023 0.65125036828342 0.752220832107205 0.0137343112585018 0.0137639179243707 0.0100101000824263
"86" "22" "SITTING" 0.00719067387725706 0.0117963189137124 0.0165393955471925 0.00608469360289283 0.0110173583201695 0.0125589956345529 0.0204573233007585 0.0361663748805242 0.032936791554549 0.0152722116270945 0.0312962324417801 0.0239935262932272 0.928455168560988 0.228859677191154 0.305411477760837 0.00646111240948083 0.00973531434165783 0.0131517628122899
"87" "22" "STANDING" 0.00427879173537279 0.0118132881889668 0.0118761484778408 0.00476484814686999 0.0109483736440509 0.00919123411159256 0.0533047077744097 0.0244937110452686 0.0192730205775449 0.0541157792810604 0.0211158128467642 0.0162844670665269 1.01074092306548 0.204139874877232 0.0522429155591518 0.00601009846904458 0.040019493486563 0.0105346954373475
"88" "22" "WALKING" 0.279593911885025 0.133519718773998 0.110721144614589 0.160848862909624 0.134491466126422 0.0926462428961542 0.513198095545618 0.31750868192123 0.32747838064448 0.319663687936223 0.236677882834448 0.251152336423681 0.99799481796875 0.240782998303889 0.124233270074147 0.323138501957547 0.189379127044558 0.107935962759019
"89" "22" "WALKING_DOWNSTAIRS" 0.375100183599392 0.167418413067491 0.09586280161748 0.227449309812537 0.131628832844853 0.0795007246410175 0.605815202962283 0.285287078453125 0.286702043218945 0.443757520177148 0.215919510954864 0.203529097355416 0.989051709570313 0.224342322603624 0.114056101981757 0.438933601644101 0.192810966935376 0.097467913495258
"90" "22" "WALKING_UPSTAIRS" 0.301407565768356 0.172580214883032 0.127372304863925 0.183622729244607 0.129119359369799 0.102710756619554 0.594223236601172 0.334042296173899 0.348014753032716 0.439827559431813 0.242968130253007 0.229198235224563 0.958729109505208 0.322903263007608 0.168459689345275 0.352685997219573 0.215448548544577 0.11263075376724
"91" "23" "LAYING" 0.0127640033375744 0.00537045514309722 0.00615694663748655 0.00977605726832549 0.00403502083496917 0.0052885128910761 0.0262857158057116 0.0355463869160397 0.0165746405201931 0.0133618093643294 0.02211294746661 0.00882622903335257 0.0580621596218533 0.453567596918403 0.898724145193142 0.00912462735525387 0.00468218091818497 0.0059065646405606
"92" "23" "SITTING" 0.00429094484751652 0.0110455056408821 0.017593395721821 0.00384925540591384 0.00934648035843597 0.0138735892241087 0.0285330287143007 0.0413807781585944 0.0303930178999392 0.0166144062188307 0.0307759758120368 0.0182872000517364 0.997150582709099 0.143494196100253 0.14989908002091 0.00417441744655614 0.00737782485727989 0.0164517036716853
"93" "23" "STANDING" 0.00515569030026813 0.00736530170995761 0.0146273718176625 0.00425858655929689 0.0059007754392832 0.010454872872565 0.0417964783554903 0.0330596341983088 0.0170839039470642 0.0348753219268398 0.0294064653014296 0.0141448724723786 0.986311278653493 0.0993108312809058 0.224469612922131 0.00526970790699056 0.020077093929725 0.0434975313778293
"94" "23" "WALKING" 0.186694007150636 0.103882871699074 0.165127083099333 0.123778231219147 0.11119274588387 0.133402953834075 0.376523867372177 0.698888874303933 0.303126228181673 0.271520604952501 0.663887787971807 0.23947873118666 0.999455976694915 0.153024187473448 0.196437510065334 0.224078378427435 0.142769619953639 0.183890744265352
"95" "23" "WALKING_DOWNSTAIRS" 0.261684547203197 0.150099826129552 0.163283836074583 0.217090913955671 0.117921113976587 0.15348336015453 0.433330220397206 0.689198647959618 0.320570994906374 0.340075528721183 0.62161934040547 0.21580920271852 0.991569785604745 0.153081313307662 0.1943230977886 0.339761970867359 0.141477022705773 0.19096537396872
"96" "23" "WALKING_UPSTAIRS" 0.198757756545129 0.138871104225132 0.159626637350567 0.146210331334164 0.116406628311189 0.122717620147284 0.401692440840562 0.43529156219617 0.397033897749954 0.289482670279224 0.327310887159112 0.273565399992571 0.926516825321691 0.225650716165461 0.358334024615104 0.245985279458826 0.146278669326217 0.204636742709441
"97" "24" "LAYING" 0.0101289701907389 0.00360306312296662 0.00621486759894857 0.00724924426589153 0.0031251875095923 0.0051285723371128 0.0234022815190494 0.0308338903268707 0.0174869501169608 0.0136982473450086 0.0219434693418578 0.00956590619121287 0.0815248731680382 0.75544134953342 0.666855741937934 0.00688118320937647 0.00427384649118771 0.00633760807777892
"98" "24" "SITTING" 0.00379465990705327 0.00832896962927881 0.00924405649727849 0.00300252895780838 0.00661402813779675 0.00727614068463986 0.0167355786523031 0.0203480426894675 0.0211699339149588 0.010284979196792 0.0136739490004593 0.0131932220830339 0.985244406008732 0.202185181579733 0.115986809122587 0.00389198453345281 0.00715584476089877 0.00829231956133849
"99" "24" "STANDING" 0.00417009014516649 0.0114070828865801 0.0144493633759534 0.00406708663550114 0.00855203972259588 0.0106882782776846 0.0300876587136769 0.0227047628392792 0.0159667536035498 0.0242298119881408 0.0189614700984182 0.0125228899470109 1.01976166680254 0.123600853924389 0.0637242969312274 0.0051128719718391 0.025199349998884 0.0168515706955064
"100" "24" "WALKING" 0.14710414010889 0.110181244210668 0.102911748775412 0.0908428053719759 0.0960199532833531 0.0806911083376739 0.315630976519968 0.305559182285867 0.235798085289818 0.213296917939715 0.249075318394715 0.176526411120226 1.01430011880388 0.125077717029383 0.150807063034801 0.173006566774583 0.124542449504782 0.123068470496432
"101" "24" "WALKING_DOWNSTAIRS" 0.243168196555162 0.115852656655119 0.110908145273744 0.173801259818314 0.10297703771106 0.0945820336263141 0.47176649468883 0.304722532385753 0.196412785691776 0.347865023551298 0.257405318653478 0.161539233982263 1.01046508301136 0.131818870273615 0.158645791973459 0.298686334763098 0.135847798112809 0.127259473088178
"102" "24" "WALKING_UPSTAIRS" 0.167881603011345 0.120186256217235 0.101098923954599 0.133277302037154 0.0958667223636767 0.092514486541673 0.403878279000079 0.259290367135734 0.290231273785424 0.266878445743739 0.215313371855816 0.221964650790924 0.97512026979608 0.226170923804542 0.229681863450586 0.213386021992035 0.144435619870836 0.136175321331033
"103" "25" "LAYING" 0.0385352880788726 0.097556127559772 0.0809893696831777 0.0247137528407213 0.0501521846741988 0.046655456276022 0.154886798978872 0.0430424556797254 0.0658702250991393 0.0764786629110588 0.0361743827696225 0.0359983896913287 0.157442804008176 0.720846509146383 0.574349479953853 0.0313808621129503 0.0666781071565719 0.0543339021830926
"104" "25" "SITTING" 0.003128529286617 0.00870733174104976 0.00795531600906827 0.00287196427054839 0.00758014533741606 0.0061780501040166 0.0130645918878915 0.0135541075469537 0.0256865636521124 0.00882748016836939 0.0116755830470388 0.0140458169527937 0.948133201033654 0.227322462912139 0.162801722932736 0.00312924240720427 0.00600411540277114 0.00549086869558866
"105" "25" "STANDING" 0.00310095920298633 0.00773311706256651 0.00827308298623176 0.00273326295918128 0.00641076952454384 0.006079001045124 0.0218916606336938 0.0161636204396989 0.0137059603205754 0.01908972432904 0.0145559060365953 0.0117885490312704 0.993362847519003 0.138462270970228 0.192497520125633 0.00374585261812606 0.0263404476787677 0.00684585742797033
"106" "25" "WALKING" 0.108048074004362 0.113124967649103 0.0829672860833826 0.0764232084484095 0.0903011188643989 0.063359840260586 0.443558566598036 0.25038700210378 0.17052926121194 0.292585976739553 0.174003472330053 0.128553011473057 0.999001927037585 0.134155482573199 0.193118437510675 0.132071437236196 0.122364598444049 0.0881572162998345
"107" "25" "WALKING_DOWNSTAIRS" 0.201660406409631 0.114553715532131 0.080221734491056 0.136504656645468 0.0946994101943727 0.0610758607408731 0.558525041315264 0.307457088317457 0.218775281203001 0.396233943874573 0.206487523164577 0.176546739384041 0.995988760479526 0.112398485996905 0.217119528757705 0.24296023182827 0.109662285859484 0.0882907786093691
"108" "25" "WALKING_UPSTAIRS" 0.136800287650541 0.106188004536976 0.111857192979579 0.112083025795751 0.0837070705095998 0.0708098167607863 0.433634738029413 0.366456145830267 0.174481131209543 0.325261938568369 0.24803418627382 0.130203168030707 0.991872871754808 0.207374533790577 0.161532284412459 0.174485850232752 0.126355716827649 0.0909230806762925
"109" "26" "LAYING" 0.00873689675240152 0.0037707981238162 0.00453261088129914 0.00840984942219281 0.00325837316745813 0.00408178858611052 0.016293963319694 0.0191958043901593 0.0369367194314277 0.00815648319217074 0.0124123972376577 0.0157122786599959 0.103266787712788 0.81898225599301 0.599474594418174 0.0193259293096592 0.00345595781877519 0.00487454877452599
"110" "26" "SITTING" 0.00800399055302448 0.0113464818055292 0.0119834866743988 0.00650031385179559 0.00978558331526158 0.00929093358707649 0.0159751530829261 0.0235692096450881 0.0313929140443939 0.00830588860998039 0.0151271546053106 0.0155318818444132 0.88544221000601 0.251488990052305 0.307020405538862 0.00631361447916734 0.00729433352824768 0.00904294171295709
"111" "26" "STANDING" 0.00293068107984206 0.00964942016020481 0.00892822007606271 0.00267314438122142 0.00750389662559316 0.00677453423705059 0.0201408941163298 0.014916116768756 0.0163819920776746 0.01861602571676 0.0118720700053939 0.0118950314097309 1.01922797868454 0.119971139384502 0.0807248199799409 0.00309789540374987 0.0233433596713246 0.00740550862865809
"112" "26" "WALKING" 0.176482258597194 0.117327026486671 0.0947321419174311 0.123493919992573 0.0918470917405547 0.0781531411893276 0.371178986423808 0.248878837066274 0.263687843745339 0.256824503641742 0.211596836938578 0.170916283860819 1.01544022078919 0.145170168723398 0.137671376703988 0.215436420866234 0.119248964359645 0.0796113143248072
"113" "26" "WALKING_DOWNSTAIRS" 0.314864406126375 0.127650753745228 0.101829789380228 0.216245923632693 0.112898978806866 0.0835158052006504 0.511192461238651 0.309960681456766 0.263195275748625 0.394545104059525 0.262354162374152 0.194651805835012 1.00564915171875 0.126414711293697 0.155968189656994 0.382074333688865 0.126421427066769 0.119150894576226
"114" "26" "WALKING_UPSTAIRS" 0.201791751664202 0.128757005483675 0.0879793729307222 0.180674871629805 0.102059870708324 0.0670010768361436 0.416129916455142 0.256730874702358 0.26492322536878 0.288974035312595 0.181258656829469 0.207943132548045 1.00096509833807 0.236217184914984 0.0865655663985881 0.270525287857623 0.157557783031465 0.0664468259160241
"115" "27" "LAYING" 0.0070646751494394 0.0034600839134311 0.00437298266824943 0.00564008081437221 0.00308693735669606 0.00353239726107572 0.0150614614070425 0.018102535751045 0.0216473766448725 0.00941829027680429 0.0113597302447322 0.0112139601323635 0.0396958313719911 0.584774068549409 0.825464206535051 0.009121691016372 0.004131444796338 0.0047048422125479
"116" "27" "SITTING" 0.00413485909623998 0.00520668889602105 0.0076253529308173 0.00372061505330937 0.00462849049861115 0.00650046542094114 0.0168729186429658 0.0211851373445915 0.0226080756277754 0.00981115703740379 0.0126831992163713 0.0120729073804566 0.928641131283482 0.231579253960938 0.267037987510045 0.00339729472552319 0.00440890703336009 0.00600100677416809
"117" "27" "STANDING" 0.0031310920461859 0.00766766043358965 0.00863699044224771 0.0027782855845951 0.00650963559477417 0.00688183872143338 0.0220767430007354 0.0139068493450932 0.013410677792482 0.0193289255610113 0.0108881151018631 0.00873091554866749 1.01882910061523 0.167282249029687 0.0184033914606836 0.00361897094847399 0.032015897043516 0.00709295816175907
"118" "27" "WALKING" 0.172861755467871 0.112685243371086 0.101410484674241 0.12376504983364 0.0838033243750381 0.0801998936066387 0.314486992593257 0.265082381028317 0.28751578683818 0.210279492799101 0.249918279162977 0.228460055088745 1.00370603471765 0.176278175326985 0.163393428429098 0.212799906785939 0.13170418447544 0.110848866912861
"119" "27" "WALKING_DOWNSTAIRS" 0.311388334802202 0.121527713903384 0.106134920836412 0.217288981585322 0.0967924605076787 0.0905107812951026 0.559761078740128 0.308918854094042 0.303636339693555 0.401923807947604 0.263082070319066 0.219356976172108 0.998508945756392 0.160282769105952 0.177134060183498 0.379975915103679 0.14133424934026 0.123734324434995
"120" "27" "WALKING_UPSTAIRS" 0.190884763996109 0.124845695635365 0.11291788887489 0.128060683393664 0.0938416256503201 0.0854733424628007 0.425971483804994 0.26539432626888 0.350128219123912 0.278875927563777 0.195358691407838 0.232529244114567 0.947137929748775 0.218857196624939 0.30213216674807 0.229575650289904 0.144060762748697 0.142299578846793
"121" "28" "LAYING" 0.0098909904422818 0.00956707118290586 0.00843503013589219 0.00743272193796165 0.00717595962315726 0.00722034107964504 0.0350612953624486 0.0292709872033034 0.0301160706916171 0.0298623383755408 0.0241624945582954 0.0180489174802108 0.123900232389258 0.424442807138672 0.882380660009766 0.0191673302574544 0.0284474808601203 0.0828264814317008
"122" "28" "SITTING" 0.00539230625353125 0.0100316717324312 0.0124905311296293 0.00478899466323569 0.00853730504222311 0.00988720779842297 0.0187918440939885 0.0303083550559809 0.0199448007425816 0.0153161234842065 0.0244809907281436 0.0171519307781232 0.977262928927951 0.164462841508398 0.218776089126793 0.00639141140760205 0.0277346840573924 0.0160610219571625
"123" "28" "STANDING" 0.00641753052593819 0.0185555094555498 0.0170902901748208 0.00593283995781686 0.015203741443038 0.0127661587993523 0.082393747600947 0.0375842771155354 0.0289101439582631 0.0673890520936192 0.0332052985996547 0.0262509765688463 1.00655688045886 0.225859455886373 0.0586124776663113 0.00818567681065311 0.0478980234638447 0.0185038055927972
"124" "28" "WALKING" 0.192402476751204 0.120602474739898 0.0999888913169444 0.12742492299985 0.092816548750128 0.0812261382894834 0.384001481519083 0.312066235044936 0.304655191058464 0.292970738185189 0.238800881258319 0.211625727471978 1.00331490865162 0.208873840855868 0.141963746823423 0.230739125109899 0.153382028669237 0.111697146760688
"125" "28" "WALKING_DOWNSTAIRS" 0.301801492817558 0.152485190969711 0.0919597196010428 0.207809511164722 0.127647083167316 0.0802281233987462 0.581942996163417 0.448068080225746 0.280425940459205 0.441683190674697 0.363222398550908 0.199624607564337 0.996227789402174 0.229791024828271 0.131921689995007 0.366531795792964 0.187268214748756 0.112834618207566
"126" "28" "WALKING_UPSTAIRS" 0.198287698755816 0.111485243043969 0.0947472779099157 0.147860448748702 0.0974035552110096 0.092695087865358 0.40715583536182 0.325905248138067 0.335614913676333 0.287948245115088 0.253842646006334 0.219412668351135 0.936820420481005 0.315698414870481 0.265792446421722 0.246812056983024 0.1546113774239 0.137913291916296
"127" "29" "LAYING" 0.00568122305374065 0.00271750729582776 0.00429414275809873 0.00477209089188551 0.00226085119836628 0.0035346557961511 0.00897812518768297 0.00949417133393051 0.0258697246446746 0.00569018552310439 0.00626345355145164 0.0129476125710801 0.0924597110348732 0.824542284737319 0.574346089662591 0.00339260349792625 0.00287575017954311 0.00402478140660853
"128" "29" "SITTING" 0.00348145039252008 0.00652532761401094 0.00692783992777526 0.00300653965566705 0.00544849196216748 0.00604912174898135 0.0155635274788964 0.0139253700536043 0.0298406478976457 0.00887976828798735 0.00860407951339587 0.0150499545765925 0.966153624427083 0.173785008744792 0.275091319674479 0.00280215232460194 0.00461467707317825 0.0052043217200387
"129" "29" "STANDING" 0.00205072911311671 0.00590112573109599 0.00563630492258149 0.00180976153049632 0.0046543866908851 0.00426861313402391 0.0155601414401848 0.00895074096776551 0.00858120071097163 0.0147218193091646 0.00688929175941998 0.0069952919333424 1.02497509223558 0.0601895903488918 0.0322541804008994 0.00250086029701296 0.0120828165748582 0.00510602349721634
"130" "29" "WALKING" 0.226090732727741 0.119534820671669 0.106534805678788 0.146030847354755 0.101283753706657 0.0897638188800745 0.287330208820616 0.502794010285242 0.210633063577963 0.224530561660228 0.375341030880181 0.181107667619246 1.01516424041863 0.145456382366035 0.1206604387544 0.269218475853946 0.122879420566784 0.112759635332825
"131" "29" "WALKING_DOWNSTAIRS" 0.309916699861006 0.110930693965344 0.112415334002103 0.22013817368284 0.103507682025468 0.0900615466084864 0.575568318723405 0.398144669340299 0.269043924507321 0.447501078649055 0.251707222643492 0.202737281326256 1.00969901619466 0.114213118348076 0.13155355374569 0.379599283410476 0.110643541243909 0.102257056611
"132" "29" "WALKING_UPSTAIRS" 0.23111415740464 0.122198973285448 0.161512510522459 0.187518776649443 0.0913089613461811 0.119789493923556 0.550945124916296 0.654941067124155 0.255159283068096 0.449084055617893 0.467905786381852 0.167998442832043 0.990389250589923 0.220691833894308 0.149715343003709 0.296809987672386 0.142488050819715 0.129983893460059
"133" "3" "LAYING" 0.00556203124950252 0.00621428370877117 0.0083240850241191 0.00494986831761408 0.00599172969815889 0.00698879427971912 0.0243488577965554 0.0156816847488082 0.0330224148867069 0.0182371256729406 0.0147232911466528 0.0174470305142258 0.164311857283266 0.853079137071573 0.477050918220766 0.00629753215935452 0.00692185637651388 0.00827128234334369
"134" "3" "SITTING" 0.0103480969678431 0.0246871078148756 0.0235536368919468 0.00872895319448895 0.0201707852019917 0.0182406563393647 0.0281493017521795 0.0399720812171025 0.0498617384555129 0.0253520186186656 0.034458025856297 0.0301007073441154 0.968779063626803 0.155431559157482 0.179034296644832 0.00938033784252548 0.0161756256377071 0.0185665835976772
"135" "3" "STANDING" 0.00877934532113204 0.0165214352930743 0.016856436919027 0.00908175759725041 0.0135612519546088 0.0127227055016867 0.0713427813725666 0.0473319329180225 0.0395717019546317 0.0590250074749747 0.0405633567376776 0.0311245781041918 0.99748475908043 0.27745157973873 0.0743940296667469 0.0113600586587806 0.0541395027550851 0.0144440982268221
"136" "3" "WALKING" 0.168148756976387 0.126788403596511 0.0884255745462689 0.123718786806554 0.0982807753097182 0.0708382647582743 0.312450559644585 0.25058524588198 0.198936952629437 0.215636055935761 0.223679866188405 0.161198580669445 0.997605530253233 0.241352459668966 0.146117692509709 0.208855638345089 0.163543462045772 0.108163945151818
"137" "3" "WALKING_DOWNSTAIRS" 0.243132238202251 0.132195961221773 0.0943836211701379 0.187477294288341 0.101337817582342 0.0718507447291072 0.57744262142338 0.290653119501856 0.216969359492239 0.445827435912185 0.211393698216558 0.168508040336204 1.0030343701993 0.217422640014732 0.125818242225994 0.30656821431964 0.158358143868083 0.0955536177245028
"138" "3" "WALKING_UPSTAIRS" 0.182487875490784 0.138176124820498 0.0956854205632097 0.130460026418115 0.108305702829366 0.0669813192552052 0.458241046572696 0.268194421715267 0.200831022860003 0.3310209151349 0.201791651956484 0.164393444293328 0.95710298628178 0.36658820553893 0.173202602174558 0.223791894945592 0.183741427396094 0.102860679730968
"139" "30" "LAYING" 0.0071624011532808 0.00735530143256538 0.00715166363479241 0.00637071754574385 0.00654198748208505 0.00617616948559275 0.0224436953611512 0.021145477046635 0.0162609886439067 0.0184907985048581 0.0212005670166418 0.0129406959637052 0.0929540181507366 0.748580899921875 0.665698158147321 0.00787252780623435 0.00905730650141101 0.00831817632222247
"140" "30" "SITTING" 0.00609637282714075 0.0116701937785118 0.0104627273986119 0.00524007890690192 0.00994935984818949 0.00859401174675048 0.0162614658709828 0.0218538566000149 0.0324820995825421 0.0101895049842692 0.0150397489261205 0.0198364042903983 0.917591489667339 0.16489664133566 0.336190003112399 0.00595842767627334 0.0109014571798993 0.00894722050919319
"141" "30" "STANDING" 0.00533776029092373 0.0176472994034928 0.0160741308418904 0.0067937305127501 0.0138423103232305 0.0125785787277864 0.0618533080684137 0.0334265387268916 0.0292045315211311 0.051403727608813 0.0369221992105592 0.0252435379209609 1.02059009465042 0.102353643536057 0.0604013541967558 0.00862017047908346 0.0262551886419345 0.0157122875889902
"142" "30" "WALKING" 0.168622708693165 0.112603899327695 0.125747976175094 0.130727135167481 0.0876349936318446 0.100706791184536 0.44760776523312 0.641436377188582 0.307202234070149 0.313192290709571 0.427914910147509 0.251487195198428 1.01808312405048 0.158242359797043 0.127503091747099 0.213386643264873 0.121675348906739 0.0969730511404382
"143" "30" "WALKING_DOWNSTAIRS" 0.246398885756237 0.128108176250565 0.117476910957334 0.183082573032263 0.108605211264442 0.0847446806562268 0.563188957080804 0.458261549386353 0.256030724069965 0.444466097771943 0.310338299780043 0.228663173495176 1.01437715564516 0.145867208787005 0.117837739005804 0.306478452499796 0.136618959213015 0.0859072814388376
"144" "30" "WALKING_UPSTAIRS" 0.165180461296106 0.120854907266281 0.159686500710901 0.133351833896781 0.0926513562725955 0.10176693068577 0.410535986544183 0.558283657074419 0.298737255213582 0.313303594395408 0.436688245937752 0.243443106766453 0.9934423609375 0.217848224465897 0.154686270161476 0.210748566765783 0.136478400655827 0.0926162206666397
"145" "4" "LAYING" 0.0120305349879848 0.00851998864824045 0.00791958634697164 0.012703789876609 0.00846598802768782 0.00663735176011908 0.0312170290717854 0.0293106490684086 0.0451607636836082 0.0212388282164462 0.0203381035662209 0.0189482342403615 0.0357278373946788 0.933186772265625 0.329320376856192 0.00682413557011873 0.00898748158224059 0.00842137146289777
"146" "4" "SITTING" 0.00615358120724984 0.0174540639276925 0.0130333518792828 0.00568136073299612 0.0157566994384869 0.0105255629631892 0.0354556165068834 0.0273104715016066 0.0431883516477062 0.0238509077801385 0.0241002116673009 0.0303606957409187 0.94924790875 0.239888809185892 0.103560695905625 0.00618203882867003 0.0119919862103631 0.0115324711040554
"147" "4" "STANDING" 0.00699828932646763 0.0222683096412849 0.0215410603778318 0.00639280303044026 0.0184901596552806 0.0158332108997677 0.0671142343336998 0.036210629089505 0.0380774305592701 0.0568288581398557 0.0295556946389109 0.0331251391523955 1.01254772522321 0.0535302673082729 0.162499902231585 0.00655793475705235 0.0187364622949656 0.0148038141996081
"148" "4" "WALKING" 0.152392001799185 0.126840897722137 0.0624789522066888 0.100636084393529 0.0957189525561979 0.0462144245806921 0.364594230232135 0.220040323540104 0.127278241961297 0.260064568250736 0.135335215636613 0.106328624800042 1.01767012106771 0.133291427954833 0.12047069906107 0.182891567054605 0.111951677720676 0.0741863893104387
"149" "4" "WALKING_DOWNSTAIRS" 0.271352929355424 0.102215896768264 0.0766793377717726 0.18656038805036 0.0886922807745503 0.0599331931954316 0.51107366383683 0.187317384345819 0.190189415488469 0.363517069542885 0.14108761430598 0.16154442503512 1.00645038331597 0.105222383688045 0.146713662226354 0.329112731427594 0.0970587738356778 0.0872444381590353
"150" "4" "WALKING_UPSTAIRS" 0.196740741350225 0.124191150832864 0.0950757858133188 0.168795529239475 0.104210535149433 0.0671372941616171 0.449953264190601 0.305347220495643 0.249304092653326 0.318124868087029 0.168103481421672 0.187984708783315 1.00353952916166 0.222756735834184 0.0968312713440354 0.258730544473538 0.158096461712555 0.0943687366202265
"151" "5" "LAYING" 0.0096102278943293 0.00533463726311088 0.00723922700611208 0.00878454056762022 0.00479896736602105 0.00560099623957374 0.0189485940845478 0.0163720470926478 0.0422601568568576 0.014305462544735 0.0137589876758255 0.0191383638187395 0.0191226029396824 0.971130498046875 0.253687903320312 0.00647899506553983 0.00572390626202134 0.00701954233007637
"152" "5" "SITTING" 0.00615713815845987 0.0154256130240155 0.0137893473791914 0.00539212926976504 0.0134425156720414 0.0115827994259242 0.0318020133598651 0.0289457295258107 0.0395117090688555 0.025914469813538 0.0295837419215326 0.0267054543163719 0.957774516335227 0.211617542039897 0.146927950744023 0.00703599785068387 0.0119295307376832 0.0134971699815411
"153" "5" "STANDING" 0.00859622951706589 0.0203909593796649 0.0227059799440737 0.0085291974806237 0.017437457096454 0.0186494015735596 0.0628517810882327 0.0440313603249921 0.0365723137353164 0.0594896018494781 0.0391547119328133 0.0354541007084727 1.01579150722656 0.0290005452219169 0.134076028133203 0.00942574004018893 0.0149868684109367 0.0175606258388422
"154" "5" "WALKING" 0.191604656442065 0.141796178400349 0.0849662536899247 0.127680771801594 0.119528313560101 0.0539169913702896 0.383105594166155 0.297613555031546 0.238452837595731 0.247500183280125 0.237401300026609 0.230573571115691 1.02361758344029 0.15160062475868 0.0863100478745926 0.230449981783372 0.137565938343463 0.0536099368371318
"155" "5" "WALKING_DOWNSTAIRS" 0.339977092882247 0.141174806737729 0.098113700072111 0.237719987101467 0.124518918642718 0.0763976326785891 0.473583577808428 0.361196743570971 0.281024011023604 0.330271767383903 0.276095465299414 0.248997630381539 1.01555522849069 0.143672194996328 0.0980855420356383 0.414897792128317 0.132384047182333 0.0761533020359915
"156" "5" "WALKING_UPSTAIRS" 0.250645526350103 0.165585568187543 0.103157090194752 0.184197834014052 0.120784814860275 0.0744777144342375 0.472621583499937 0.336303438433976 0.282393074030306 0.350838484076423 0.277500905219758 0.221124614675824 0.996363551230053 0.262883867528654 0.104951981067223 0.310796968035221 0.192738803291732 0.0703110613160033
"157" "6" "LAYING" 0.019702882941455 0.0113050423807462 0.015638690884489 0.0180067825716663 0.0108839719011299 0.0122013206583638 0.04327279220671 0.0408392622831702 0.0540475282436022 0.0313059091112232 0.0354107566764953 0.0277787848871718 0.0217204350959896 0.97705482709704 0.171836768044668 0.0106879905596676 0.0107560994396621 0.0131149946987977
"158" "6" "SITTING" 0.00564550540449849 0.0117375619711974 0.0133814673904774 0.00563973885101365 0.0114895319961618 0.0116338751033143 0.0354116534791699 0.0342083594466432 0.0330761399903239 0.0317335315202648 0.032152867481258 0.0250758052459323 0.995865136292614 0.132127821149119 0.149378381997909 0.00737927303276637 0.0127342806963156 0.0176896686562324
"159" "6" "STANDING" 0.00545981313485718 0.0125793591988254 0.0149163368780702 0.00543574889284702 0.0102795906066321 0.0113574284929106 0.033614671933628 0.0350325764356168 0.0222826569886129 0.0349283568798176 0.0352294631156278 0.0202694070178194 1.00469519339364 0.209133324470943 0.114269557699822 0.00658024402761023 0.0406841025169683 0.0187403505728619
"160" "6" "WALKING" 0.180420161947599 0.159075607556014 0.0733450284533717 0.141995205412952 0.121724224663874 0.0558784357215237 0.407294090730448 0.390571270179168 0.224654807084841 0.281013430810514 0.331940144265755 0.198760827600616 1.01452100722314 0.210412012036949 0.0758659895425822 0.229696723480138 0.185062666363283 0.0573838516873713
"161" "6" "WALKING_DOWNSTAIRS" 0.371344296674479 0.174388637875335 0.0970410060320638 0.254527751122681 0.155868990578428 0.0796269323392069 0.618764245260737 0.48261776920026 0.334741320828341 0.487309729651883 0.400864097273315 0.285563915282028 0.992269862272135 0.225177790482632 0.0965760482528646 0.450162374033069 0.20688723657085 0.079761024555314
"162" "6" "WALKING_UPSTAIRS" 0.251249783257904 0.157801230643814 0.0948540101699387 0.180469351144733 0.131305692630248 0.0730285284247312 0.534428199076501 0.412965782714525 0.298753446872626 0.403695560878759 0.33745567847852 0.261467501461913 0.979916172717525 0.323006230832999 0.0970239845169301 0.309444930548065 0.210395467423254 0.0724710147043591
"163" "7" "LAYING" 0.0176848774995216 0.0114774262955901 0.00845110895380739 0.0154711359928346 0.0111307494752848 0.00860480240970896 0.0402529591523227 0.0486571924821557 0.0417424081120222 0.0297595169019839 0.0334914068257058 0.0204332243619738 0.0376383936969522 0.409271407271635 0.88862998608774 0.013154616246096 0.00941962925073376 0.00833340420418357
"164" "7" "SITTING" 0.00748385713326139 0.0134493637244985 0.0247059515967224 0.00774246962612101 0.0127978375449291 0.0207406662212894 0.0557290270140453 0.0531207852855671 0.0493560337414666 0.0422384173187673 0.0337401684234701 0.0289145557548194 1.02256651668294 0.0326879821516374 0.0580460975451074 0.00514729381316917 0.00979346860005584 0.0139896451410573
"165" "7" "STANDING" 0.00635339256577093 0.0126121393115764 0.0159085460880961 0.00570347575819692 0.0103050333949961 0.0124384511881793 0.0363562746276259 0.0298206470429593 0.0183732752156635 0.0367187049613082 0.0306790649200488 0.0192364710026364 1.01479589097877 0.0965184476064269 0.14653556703464 0.00730568130810338 0.0216718249934437 0.0255216739558712
"166" "7" "WALKING" 0.188011604192 0.11983334984153 0.165756574420578 0.113317345193574 0.104780521430789 0.130989329015622 0.349366867915762 0.415572174658936 0.235101540527439 0.278823493908544 0.418297912370915 0.180939897254897 0.994824180523575 0.150550533174771 0.238208188127914 0.219748472171841 0.150383266340569 0.17684165873945
"167" "7" "WALKING_DOWNSTAIRS" 0.274588954236892 0.110952111169212 0.127626403647274 0.211972881256444 0.0991122731066249 0.114332815564646 0.491764719107015 0.403293835270643 0.234591836776463 0.370491443611185 0.367196438171415 0.190168837999237 0.994421674534575 0.137982051352997 0.198739248893418 0.347286392651696 0.123701268438503 0.153327149724442
"168" "7" "WALKING_UPSTAIRS" 0.189609405281457 0.092302135008894 0.125547242490714 0.131109594697436 0.0726351500656042 0.0965314965734616 0.502364842448842 0.269600388915594 0.281835540223081 0.384962626829528 0.19697280520446 0.206488811341259 0.908788687760417 0.225727350944868 0.408336328841039 0.229819918067394 0.119075242477886 0.170683766717762
"169" "8" "LAYING" 0.0168761760418391 0.0106842085393385 0.0118886247425888 0.0141239889351603 0.0092245758949972 0.0111725783635743 0.0490876444918417 0.0373362898088177 0.0312815468696274 0.0259319592066639 0.0285574812098094 0.0163541276876909 0.0825717824758044 0.60508905666956 0.703874286284722 0.012007453572063 0.00733708050701592 0.00951830182991048
"170" "8" "SITTING" 0.00678067301397996 0.0119916701347084 0.0117658225920122 0.00634587638506529 0.0111616624480334 0.0101255800575592 0.0334685759269705 0.0340971431718457 0.040148890980564 0.0152672859526441 0.0204168112897078 0.0196386477032629 0.922353804177989 0.263310595843241 0.255082516358696 0.00476406787683931 0.00519823390711898 0.00745615611604289
"171" "8" "STANDING" 0.00388365855746829 0.00993477006667014 0.0142021043587691 0.00361020545205488 0.00865610321432133 0.0123558588251833 0.0219484268807141 0.0332309433701273 0.0180211296483235 0.0182025040330197 0.0214843459873926 0.0127189898450435 1.01340774973958 0.0706570385988093 0.131891004166811 0.00422151668503326 0.0153666109323969 0.0241952506077501
"172" "8" "WALKING" 0.224608670037467 0.179659848040641 0.125098713490055 0.14858881926546 0.155550956845591 0.0953746829651886 0.585162351957943 0.486216357404671 0.367433027654238 0.407660494755278 0.359279735680014 0.263024960890033 0.981214367073568 0.240318596003353 0.221187888937842 0.269536460827684 0.200513357865506 0.138163451858119
"173" "8" "WALKING_DOWNSTAIRS" 0.263559201229313 0.177819334809282 0.15930624361359 0.204323303713082 0.14687220744056 0.131449959743175 0.599835520643832 0.598182780656661 0.349056909783203 0.463573177361676 0.511863727198037 0.258566765045972 0.983336573478618 0.219115545263847 0.225052182279297 0.333657367516071 0.187084118302435 0.166214493740155
"174" "8" "WALKING_UPSTAIRS" 0.222155964333944 0.18265392196378 0.161800387231879 0.154146862373493 0.144135121883551 0.125221029613002 0.567548823901719 0.584665572501503 0.551890467731726 0.403365468178931 0.427392350294604 0.370205925316898 0.940320875685976 0.2954914636133 0.26927509758428 0.269421193506077 0.209613124357532 0.164725389996562
"175" "9" "LAYING" 0.0169199744178451 0.0133676084141456 0.0105119943917928 0.0149932954551973 0.0108380289571397 0.00928473934348516 0.0464507783939447 0.0654835749045578 0.0258062947446519 0.0378687166380943 0.0485933233998935 0.016899586481607 0.101930626315025 0.299277448120312 0.936051265671875 0.0240688335419186 0.0438091192106402 0.0117016574926478
"176" "9" "SITTING" 0.0132849225158025 0.0189333963920537 0.0294265073245691 0.0115438172320978 0.0156796839484751 0.0229740621384275 0.0396947561419308 0.0706427715555141 0.0357377680975644 0.0294465843867632 0.0458548518821886 0.0262397596319794 0.977718629640625 0.0926519789374469 0.162320517053897 0.0132631170461758 0.023818394494912 0.0280057341251775
"177" "9" "STANDING" 0.00674766010532962 0.0105411612276575 0.0157909902812293 0.00664488458153681 0.00864804455251956 0.0124475514310917 0.0536044074206424 0.0351012664220569 0.0267889553645201 0.0462358470905915 0.0315290210464891 0.0235516296609977 1.01654576128472 0.0350159794110104 0.134683301387153 0.00899144289606927 0.0107141046893508 0.0197023177695552
"178" "9" "WALKING" 0.20577581724302 0.1096820381621 0.141760713285907 0.138801729787747 0.0838450159608758 0.0976841014600805 0.403600886300454 0.315629509070673 0.286158338641496 0.276503679739426 0.262212941344414 0.218964187937225 1.00907346835937 0.114343364327145 0.190563486373951 0.248637590816133 0.0965811937585779 0.13558216389691
"179" "9" "WALKING_DOWNSTAIRS" 0.31509608013763 0.106123349846708 0.141250262332403 0.238095244324724 0.0871781404106855 0.115786111513474 0.511290584253137 0.387437208397898 0.281072578664877 0.359884367515612 0.325776955968851 0.216130562503273 1.00315201588542 0.10465403041808 0.156877510621484 0.394993234600831 0.0936828825991538 0.145689571363905
"180" "9" "WALKING_UPSTAIRS" 0.170051743794416 0.0992094768650925 0.109718856985555 0.120439033162462 0.0709094663367683 0.0835295535938065 0.553049589923214 0.373964339252258 0.358364369029656 0.39549507641491 0.27092544752096 0.232684203258761 0.970954030086097 0.133572136301467 0.271607577909216 0.208381255281051 0.088518640881622 0.138820867301809
